[gd_scene load_steps=14 format=3 uid="uid://p6afuj570ihr"]

[ext_resource type="Script" path="res://level/Level.gd" id="1_dpdpo"]
[ext_resource type="PackedScene" uid="uid://dhmrqx1r47m1e" path="res://player/Player.tscn" id="1_whrr1"]
[ext_resource type="PackedScene" uid="uid://wxieb6bwlwik" path="res://projectile/ProjectileManager.tscn" id="2_gan7l"]
[ext_resource type="Texture2D" uid="uid://df3lxq3wfhrpo" path="res://addons/AllSkyFree_Skyboxes/AllSky_Overcast4_Low.png" id="3_da2na"]
[ext_resource type="AudioStream" uid="uid://btba0wgfl1q2w" path="res://musics/Whatever It Takes by Fabian Wiestner.mp3" id="6_5wfwq"]
[ext_resource type="AudioStream" uid="uid://bbwksbjgm82xj" path="res://Game Over.mp3" id="6_iahft"]
[ext_resource type="PackedScene" uid="uid://cieqrvboglnt7" path="res://level/plateforme.glb" id="6_xduha"]

[sub_resource type="PanoramaSkyMaterial" id="PanoramaSkyMaterial_t0hks"]
panorama = ExtResource("3_da2na")

[sub_resource type="Sky" id="Sky_mxh1s"]
sky_material = SubResource("PanoramaSkyMaterial_t0hks")

[sub_resource type="Environment" id="Environment_hqle3"]
background_mode = 2
sky = SubResource("Sky_mxh1s")
fog_light_color = Color(0.517647, 0.552941, 0.607843, 1)
volumetric_fog_enabled = true
volumetric_fog_density = 0.03

[sub_resource type="PhysicsMaterial" id="PhysicsMaterial_0efyx"]

[sub_resource type="CylinderShape3D" id="CylinderShape3D_5xpxi"]
height = 3.0
radius = 1.2

[sub_resource type="CylinderShape3D" id="CylinderShape3D_vnch2"]
height = 3.0
radius = 0.1

[node name="Level" type="Node3D"]
script = ExtResource("1_dpdpo")

[node name="ProjectileManager" parent="." instance=ExtResource("2_gan7l")]

[node name="WorldEnvironment" type="WorldEnvironment" parent="."]
environment = SubResource("Environment_hqle3")

[node name="DirectionalLight3D" type="DirectionalLight3D" parent="."]
transform = Transform3D(1, 0, 0, 0, -4.37114e-08, 1, 0, -1, -4.37114e-08, 0, 0, 0)
light_color = Color(1, 0.752941, 0.796078, 1)

[node name="Platform" type="RigidBody3D" parent="."]
collision_mask = 0
mass = 1000.0
physics_material_override = SubResource("PhysicsMaterial_0efyx")
gravity_scale = 0.0
linear_damp = 1.0
angular_damp = 100.0

[node name="Player" parent="Platform" instance=ExtResource("1_whrr1")]

[node name="BaseShape" type="CollisionShape3D" parent="Platform"]
transform = Transform3D(1, 0, 0, 0, 1, 0, 0, 0, 1, -0.145498, -1.47786, 0)
shape = SubResource("CylinderShape3D_5xpxi")

[node name="Score" type="Label3D" parent="Platform"]
transform = Transform3D(0.707107, 0, -0.707107, 0, 1, 0, 0.707107, 0, 0.707107, 0.358218, 1.78821, -0.268513)
text = "
"

[node name="Plateform" parent="Platform" instance=ExtResource("6_xduha")]
transform = Transform3D(0.35, 0, 0, 0, 1, 0, 0, 0, 0.35, 0, -2.01511, 0)

[node name="Branch1" type="CollisionShape3D" parent="Platform"]
transform = Transform3D(0.920231, -0.131724, 0.368543, 0.0497685, 0.9734, 0.223642, -0.388199, -0.187461, 0.902308, 0.216876, 1.22394, 0.722468)
shape = SubResource("CylinderShape3D_vnch2")

[node name="Branch2" type="CollisionShape3D" parent="Platform"]
transform = Transform3D(-0.902076, -0.166066, 0.398347, -0.0360394, 0.948767, 0.313916, -0.430069, 0.26882, -0.861845, 0.455371, 1.41859, -0.576971)
shape = SubResource("CylinderShape3D_vnch2")

[node name="Branch3" type="CollisionShape3D" parent="Platform"]
transform = Transform3D(0.769238, 0.226859, -0.597335, -0.00235725, 0.935852, 0.352386, 0.638958, -0.269661, 0.720427, -0.887432, 1.24778, 0.281319)
shape = SubResource("CylinderShape3D_vnch2")

[node name="Enemies" type="Node3D" parent="."]

[node name="Decoration" type="Node3D" parent="."]

[node name="MusicPlayer" type="AudioStreamPlayer" parent="."]
stream = ExtResource("6_5wfwq")

[node name="GameOverSound" type="AudioStreamPlayer" parent="."]
stream = ExtResource("6_iahft")

[editable path="Platform/Plateform"]
